243 225 237 240 236 229 172 226 225 244 244 229 242 249 223 246
172 227 239 239 236 225 238 244 223 227 172 242 240 237 172 231
229 225 242 172 244 232 242 239 244 244 236 229 223 240 227 244
138 176 172 177 178 174 182 172 183 184 172 177 184 176 176 172
177 172 178 176 138 177 172 177 178 174 182 172 183 185 172 177
185 179 183 172 177 172 178 183 138 178 172 177 178 174 182 172
184 176 172 178 176 183 180 172 177 172 179 180 138 179 172 177
178 174 182 172 184 177 172 178 178 177 177 172 177 172 180 177
138 180 172 177 178 174 182 172 184 178 172 178 179 180 184 172
177 172 180 184 138 181 172 177 178 174 182 172 184 179 172 178
180 184 181 172 177 172 181 181 138 182 172 177 178 174 182 172
184 180 172 178 182 178 178 172 177 172 182 178 138 183 172 177
178 174 182 172 184 181 172 178 183 181 185 172 177 172 182 185
138 184 172 177 178 174 182 172 184 182 172 178 184 185 182 172
177 172 183 182 138 185 172 177 178 174 182 172 183 184 172 179
176 179 179 172 177 172 178 178 138 177 176 172 177 178 174 182
172 183 185 172 179 177 183 176 172 177 172 178 185 138 177 177
172 177 178 174 182 172 184 176 172 179 179 176 183 172 177 172
179 182 138 177 178 172 177 178 174 182 172 184 177 172 179 180
180 180 172 177 172 180 179 138 177 179 172 177 178 174 182 172
184 178 172 179 181 184 177 172 177 172 181 176 138 177 180 172
177 178 174 182 172 184 179 172 179 183 177 184 172 177 172 181
183 138 177 181 172 177 178 174 182 172 184 180 172 179 184 181
181 172 177 172 182 180 138 177 182 172 177 178 174 182 172 184
181 172 179 185 185 178 172 178 172 183 177 138 177 183 172 177
178 174 182 172 184 182 172 180 177 178 185 172 178 172 183 184
138 177 184 172 177 178 174 182 172 183 184 172 180 178 182 182
172 178 172 178 180 138 177 185 172 177 178 174 182 172 183 185
172 180 180 176 179 172 178 172 179 177 138 178 176 172 177 178
174 182 172 184 176 172 180 181 180 176 172 178 172 179 184 138
178 177 172 177 178 174 182 172 184 177 172 177 184 183 183 172
178 172 180 181 138 178 178 172 177 178 174 182 172 184 178 172
178 176 177 180 172 178 172 181 178 138 178 179 172 177 178 174
182 172 184 179 172 178 177 181 177 172 178 172 181 185 138 178
180 172 177 178 174 182 172 184 180 172 178 178 184 184 172 178
172 182 182 138 178 181 172 177 178 174 182 172 184 181 172 178
180 178 181 172 178 172 183 179 138 178 182 172 177 178 174 182
172 184 182 172 178 181 182 178 172 178 172 184 176 138 178 183
172 177 178 174 182 172 183 184 172 178 182 185 185 172 178 172
178 182 138 178 184 172 177 178 174 182 172 183 185 172 178 184
179 182 172 178 172 179 179 138 178 185 172 177 178 174 182 172
184 176 172 178 185 183 179 172 178 172 180 176 138 179 176 172
177 178 174 182 172 184 177 172 179 177 177 176 172 178 172 180
183 138 179 177 172 177 178 174 182 172 184 178 172 179 178 180
183 172 178 172 181 180 138 179 178 172 177 178 174 182 172 184
179 172 179 179 184 180 172 179 172 182 177 138 179 179 172 177
178 174 182 172 184 180 172 179 181 178 177 172 179 172 182 184
138 179 180 172 177 178 174 182 172 184 181 172 179 182 181 184
172 179 172 183 181 138 179 181 172 177 178 174 182 172 184 182
172 179 183 185 181 172 179 172 178 177 138 179 182 172 177 178
174 182 172 183 184 172 179 185 179 178 172 179 172 178 184 138
179 183 172 177 178 174 182 172 183 185 172 180 176 182 185 172
179 172 179 181 138 179 184 172 177 178 174 182 172 184 176 172
180 178 176 182 172 179 172 180 178 138 179 185 172 177 178 174
182 172 184 177 172 180 179 180 179 172 179 172 180 185 138 180
176 172 177 178 174 182 172 184 178 172 180 180 184 176 172 179
172 181 182 138 180 177 172 177 178 174 182 172 184 179 172 177
184 177 183 172 179 172 182 179 138 180 178 172 177 178 174 182
172 184 180 172 177 185 181 180 172 179 172 183 176 138 180 179
172 177 178 174 182 172 184 181 172 178 176 185 177 172 179 172
183 183 138 180 180 172 177 178 174 182 172 184 182 172 178 178
178 184 172 179 172 178 179 138 180 181 172 177 178 174 182 172
183 184 172 178 179 182 181 172 179 172 179 176 138 180 182 172
177 178 174 182 172 183 185 172 178 181 176 178 172 179 172 179
183 138 180 183 172 177 178 174 182 172 184 176 172 178 182 179
185 172 179 172 180 180 138 180 184 172 177 178 174 182 172 184
177 172 178 183 183 182 172 180 172 181 177 138 180 185 172 177
178 174 182 172 184 178 172 178 185 177 179 172 180 172 181 184
138 181 176 172 177 178 174 182 172 184 179 172 179 176 181 176
172 180 172 182 181 138 181 177 172 177 178 174 182 172 184 180
172 179 177 184 183 172 180 172 183 178 138 181 178 172 177 178
174 182 172 184 181 172 179 179 178 180 172 180 172 183 185 138
181 179 172 177 178 174 182 172 184 182 172 179 180 182 177 172
180 172 178 181 138 181 180 172 177 178 174 182 172 183 184 172
179 181 185 184 172 180 172 179 178 138 181 181 172 177 178 174
182 172 183 185 172 179 183 179 181 172 180 172 179 185 138 181
182 172 177 178 174 182 172 184 176 172 179 184 183 178 172 180
172 180 182 138 181 183 172 177 178 174 182 172 184 177 172 180
176 176 185 172 180 172 181 179 138 181 184 172 177 178 174 182
172 184 178 172 180 177 180 182 172 180 172 182 176 138 181 185
172 177 178 174 182 172 184 179 172 180 178 184 179 172 180 172
182 183 138 182 176 172 177 178 174 182 172 184 180 172 180 180
178 176 172 180 172 183 180 138 182 177 172 177 178 174 182 172
184 181 172 180 181 181 183 172 180 172 178 176 138 182 178 172
177 178 174 182 172 184 182 172 177 184 185 180 172 180 172 178
183 138 182 179 172 177 178 174 182 172 183 184 172 178 176 179
177 172 180 172 179 180 138
